stock rally	2.5563933485243853	1196.7201141996763	0.0017391304347826088
159	0.21439689875239165
stock rally	2.5563933485243853	776.3864888364375	0.00202020202020202
197	0.1611388145868926
stock rally	2.5563933485243853	1308.2024155407787	0.003076923076923077
100	0.15002941392795155
stock rally	2.5563933485243853	1056.5874977516337	0.002320185614849188
137	0.0997909847403956
stock rally	2.5563933485243853	916.2175849183088	0.0035087719298245615
191	0.0962823916879223
stock rally	2.5563933485243853	1032.3336770310793	0.0021929824561403508
44	0.06777050358011039
stock rally	2.5563933485243853	938.513528761196	0.002304147465437788
150	0.06661099509439694
stock rally	2.5563933485243853	976.2619783883786	0.0021413276231263384
181	0.06629791601308443
stock rally	2.5563933485243853	667.99213169239	0.0035211267605633804
172	0.06416144696787385
stock rally	2.5563933485243853	386.5722825547928	0.002320185614849188
19	0.06246860385149078
