europe	2.286304185156641	688.8763708196108	0.0014084507042253522
164	0.10643601176767503
europe	2.286304185156641	952.8881392349172	0.002824858757062147
152	0.09823360474538956
europe	2.286304185156641	1061.35093401951	0.002506265664160401
170	0.0855240047728748
europe	2.286304185156641	1123.5496366463506	0.0015748031496062992
177	0.08517984196633321
europe	2.286304185156641	1218.8501671366564	0.002070393374741201
130	0.08366112814828319
europe	2.286304185156641	752.3875717957526	0.002551020408163265
174	0.07877668581985864
europe	2.286304185156641	1444.0886764608192	0.002331002331002331
116	0.07655334755131582
europe	2.286304185156641	819.0664487813051	0.002506265664160401
81	0.07163051049278246
europe	2.286304185156641	774.0490241215596	0.002145922746781116
183	0.07114290693226388
europe	2.286304185156641	1546.0787015665262	0.0018148820326678765
165	0.07045114613055659
