debt crisis	2.0291463456595165	893.7362884119439	0.002109704641350211
199	0.15357229262466698
debt crisis	2.0291463456595165	1030.486137149487	0.0021321961620469083
113	0.11759983817600539
debt crisis	2.0291463456595165	1129.604406762231	0.001697792869269949
124	0.09814066953652323
debt crisis	2.0291463456595165	1510.2286971319968	0.002617801047120419
125	0.09661703099227248
debt crisis	2.0291463456595165	1263.4592626012402	0.0023752969121140144
134	0.07723089578578379
debt crisis	2.0291463456595165	731.9600859626248	0.0020876826722338203
193	0.07672850978308643
debt crisis	2.0291463456595165	675.6682010759889	0.0018181818181818182
101	0.07104301287817216
debt crisis	2.0291463456595165	908.4553126312818	0.002320185614849188
111	0.06810561744901888
debt crisis	2.0291463456595165	778.3178249925616	0.001718213058419244
133	0.06516063135229
debt crisis	2.0291463456595165	1048.4779669118789	0.00211864406779661
123	0.06077520731095132
