stock rally	1.1178535800533407	5.646170067313712	4.0
138	-4.1257042751532085
stock rally	-1.1036122990848156	3.1101216908968423	2.0
18	-4.340971742008693
stock rally	-2.0021764101782273	4.794358635538675	3.0
66	-4.930001623716423
stock rally	-3.2566447881997496	4.309758135428645	3.0
161	-6.384607802683539
stock rally	-2.8739314370750013	3.293731291825045	2.0
163	-6.4104518535895325
stock rally	-5.993961427306569	1.1051422703812792	1.0
85	-6.624180140351395
stock rally	-1.619463059053479	2.8212744533671104	2.0
7	-6.929927482392141
stock rally	-2.0021764101782273	4.889683466400575	3.0
106	-7.317997081832593
stock rally	-6.376674778431317	2.299772260803554	2.0
191	-7.3324498858009965
stock rally	-2.8739314370750013	3.3857384004307094	2.0
134	-7.785167112653508
