europe	7.683237880566869	3.3298233234727386	3.0
192	8.527941564833604
europe	7.683237880566869	3.473746984265255	3.0
135	7.799008576295099
europe	7.683237880566869	3.330319926440036	3.0
132	7.4230531667439745
europe	4.890349128221754	1.313907540077746	1.0
18	6.425466593183194
europe	-0.38271335112474825	0.8126452997397023	1.0
115	-0.311010205939157
europe	-0.38271335112474825	0.8224505801677159	1.0
74	-0.31476281767048
europe	-0.38271335112474825	0.8379535722334911	1.0
71	-0.3206960197164332
europe	-0.38271335112474825	0.8469774473460766	1.0
17	-0.324149577200902
europe	-0.38271335112474825	0.8554814148555651	1.0
53	-0.3274041591043143
europe	-0.38271335112474825	0.8619723059413661	1.0
133	-0.32988830978354694
