debt crisis	7.163970365762282	3.367169026674948	3.0
134	8.315386208146982
debt crisis	4.043940375530714	3.6890188443816383	2.0
94	7.459086125444282
debt crisis	4.043940375530714	3.34005733092685	2.0
95	6.753496348561221
debt crisis	3.6090716660035937	3.828797440332126	3.0
66	6.752898663537465
debt crisis	4.043940375530714	3.31984495809404	2.0
92	6.71262753326928
debt crisis	4.043940375530714	3.302987169003705	2.0
41	6.678541586296987
debt crisis	3.2785136732812177	5.404805329515363	4.0
103	6.664182533640943
debt crisis	4.890349128221754	1.313907540077746	1.0
18	6.425466593183194
debt crisis	3.2785136732812177	6.4608730241068555	4.0
149	6.214675640547878
debt crisis	4.043940375530714	2.8843556605603258	2.0
185	5.832081156565232
